YEAR,CANDIDATE,ONES,TWOS,THREES,FOURS,FIVES,SIXES,SEVENS,EIGHTS,NINES
1976,Carter, Jimmy,0.0006076383336638033,0.00031980964929673855,0.00023665914047958655,0.00019828198256397793,0.00021107436853584746,0.00014711243867649974,0.00011513147374682589,8.954670180308681e-05,8.954670180308681e-05
1976,Ford, Gerald,0.0006076383336638033,0.00031980964929673855,0.00023665914047958655,0.00019828198256397793,0.00021107436853584746,0.00014071624569056497,0.00011513147374682589,8.954670180308681e-05,8.954670180308681e-05
1976,Maddox, Lester,4.473344576973887e-05,2.3318498326778774e-05,1.665607023341341e-05,1.4276631628640065e-05,1.570429479150407e-05,1.0469529861002714e-05,8.56597897718404e-06,6.6624280933653635e-06,6.186540372410695e-06
1976,Bubar, Benjamin,0.0,0.0,0.0,0.0,8.454157331867946e-07,1.6908314663735892e-06,0.0,0.0,8.454157331867946e-07
1976,Hall, Gus,5.914367670523434e-05,3.150043650604873e-05,2.12145796877471e-05,1.8643115483171695e-05,2.12145796877471e-05,1.4143053125164734e-05,1.0928722869445477e-05,8.357258664870071e-06,8.357258664870071e-06
1976,Macbride, Roger,4.473344576973887e-05,2.3318498326778774e-05,1.713195795436808e-05,1.4752519349594734e-05,1.570429479150407e-05,1.0469529861002714e-05,8.56597897718404e-06,6.6624280933653635e-06,6.186540372410695e-06
1976,McCarthy, Eugene ""Gene"",4.473344576973887e-05,2.3318498326778774e-05,1.665607023341341e-05,1.4276631628640065e-05,1.570429479150407e-05,1.0469529861002714e-05,8.56597897718404e-06,6.186540372410695e-06,6.186540372410695e-06
1976,Camejo, Peter,4.5209333490693536e-05,2.3794386047733443e-05,1.713195795436808e-05,1.4752519349594734e-05,1.570429479150407e-05,1.0469529861002714e-05,8.56597897718404e-06,6.6624280933653635e-06,6.186540372410695e-06
1976,Anderson, Thomas J.,5.914367670523434e-05,3.150043650604873e-05,2.12145796877471e-05,1.8643115483171695e-05,2.12145796877471e-05,1.4143053125164734e-05,1.0928722869445477e-05,7.71439261372622e-06,7.071526562582367e-06
1976,Wright, Margaret,1.9572250132029755e-05,7.961593274046002e-06,7.629860220960752e-06,5.307728849364001e-06,6.634661061705002e-06,5.639461902449251e-06,2.985597477767251e-06,1.9903983185115004e-06,3.317330530852501e-06
1976,Bubar, Benjamin ""Ben"",5.3510491443062807e-05,3.0480659682757293e-05,2.0320439788504864e-05,1.7611047816704214e-05,2.0997787781455025e-05,1.4901655844903566e-05,8.805523908352107e-06,6.096131936551459e-06,7.450827922451783e-06
1976,Larouche, Lyndon, Jr.,5.914367670523434e-05,3.150043650604873e-05,2.12145796877471e-05,1.8643115483171695e-05,2.12145796877471e-05,1.4143053125164734e-05,1.0928722869445477e-05,7.71439261372622e-06,8.357258664870071e-06
1976,Scattering,0.00015016473955250907,7.066575978941604e-05,6.183253981573902e-05,4.711050652627736e-05,5.88881331578467e-05,4.711050652627736e-05,2.355525326313868e-05,1.766643994735401e-05,2.6499659921031014e-05
1976,Other,4.473344576973887e-05,2.3794386047733443e-05,1.713195795436808e-05,1.4752519349594734e-05,1.570429479150407e-05,1.0469529861002714e-05,8.56597897718404e-06,6.6624280933653635e-06,6.186540372410695e-06
1976,Julius ""Jules"", Levin,4.5209333490693536e-05,2.3794386047733443e-05,1.7607845675322747e-05,1.4752519349594734e-05,1.570429479150407e-05,1.0469529861002714e-05,8.56597897718404e-06,6.6624280933653635e-06,6.186540372410695e-06
1976,Zeidler, Frank,4.473344576973887e-05,2.3318498326778774e-05,1.665607023341341e-05,1.4752519349594734e-05,1.570429479150407e-05,1.0469529861002714e-05,8.56597897718404e-06,6.6624280933653635e-06,6.186540372410695e-06
1980,Reagan, Ronald,0.0011600731129005788,0.0006224782557027496,0.00040744031282361794,0.00036782806018798844,0.0003282158075523589,0.00022635572934645443,0.00023201462258011578,0.0001867434767108249,0.0001867434767108249
1980,Carter, Jimmy,0.0011600731129005788,0.0006224782557027496,0.00040744031282361794,0.0003734869534216498,0.0003282158075523589,0.00022635572934645443,0.00023201462258011578,0.0001867434767108249,0.0001867434767108249
1980,Anderson, John B.,0.0011657320061342403,0.0006224782557027496,0.00040744031282361794,0.0003734869534216498,0.0003282158075523589,0.00022635572934645443,0.00023201462258011578,0.0001867434767108249,0.0001867434767108249
1980,Rarick, John,8.974050477274317e-05,4.838948786765563e-05,3.123321489639591e-05,2.8153883850272366e-05,2.5514457239309332e-05,1.7596177406420228e-05,1.7596177406420228e-05,1.4076941925136183e-05,1.451684636029669e-05
1980,Clark, Edward ""Ed"",0.0011657320061342403,0.0006224782557027496,0.00040744031282361794,0.00037914584665531113,0.0003282158075523589,0.00022635572934645443,0.00023201462258011578,0.0001867434767108249,0.0001867434767108249
1980,Bubar, Benjamin ""Ben"",0.0001156022195626156,6.552853087506553e-05,3.9564396000039566e-05,3.709162125003709e-05,3.4000652812534e-05,2.410955381252411e-05,2.2254972750022257e-05,1.7927616937517928e-05,1.6073035875016072e-05
1980,Hall, Gus,8.974050477274317e-05,4.838948786765563e-05,3.123321489639591e-05,2.8153883850272366e-05,2.5514457239309332e-05,1.7596177406420228e-05,1.8036081841580735e-05,1.451684636029669e-05,1.451684636029669e-05
1980,Deberry, Clifton,8.974050477274317e-05,4.838948786765563e-05,3.1673119331556416e-05,2.8593788285432872e-05,2.5514457239309332e-05,1.7596177406420228e-05,1.8036081841580735e-05,1.451684636029669e-05,1.451684636029669e-05
1980,McReynolds, David,8.974050477274317e-05,4.838948786765563e-05,3.123321489639591e-05,2.8153883850272366e-05,2.5514457239309332e-05,1.7596177406420228e-05,1.7596177406420228e-05,1.451684636029669e-05,1.451684636029669e-05
1980,Commoner, Barry,8.930060033758267e-05,4.838948786765563e-05,3.123321489639591e-05,2.8153883850272366e-05,2.5514457239309332e-05,1.7596177406420228e-05,1.7596177406420228e-05,1.4076941925136183e-05,1.451684636029669e-05
1980,Griswold, Deirdre,8.974050477274317e-05,4.838948786765563e-05,3.123321489639591e-05,2.8593788285432872e-05,2.5514457239309332e-05,1.7596177406420228e-05,1.8036081841580735e-05,1.451684636029669e-05,1.451684636029669e-05
1980,Smith, Maureen,1.2816124268869238e-05,6.408062134434619e-06,4.543898604417275e-06,3.961347501286855e-06,4.194367942539023e-06,3.0292657362781836e-06,2.3302044125216796e-06,1.8641635300173438e-06,1.6311430887651756e-06
1980,Pulley, Andrew,0.0005675871139415873,0.00032346362407423794,0.00019224724827053766,0.00018309261740051205,0.00016478335566046085,0.00011901020131033284,0.00010070093957028163,8.849476507691416e-05,7.934013420688856e-05
1980,Greaves, Percy L, Jr.,0.00031614560574160145,0.00017710774771911703,0.00010924403130338061,0.00010427839351686331,9.43471179438287e-05,6.455329122472491e-05,6.124286603371336e-05,4.800116526966724e-05,4.46907400786557e-05
1980,Shelton, Frank, Jr.,0.00014492827581279757,6.634040794247776e-05,4.8989839711368196e-05,3.980424476548666e-05,4.3886731408100677e-05,3.368051480156563e-05,2.1433054873723586e-05,2.0412433213070082e-05,1.6329946570456063e-05
1980,McCormack, Ellen,2.773317269591753e-05,1.4189065100236876e-05,9.351883816065214e-06,8.223208183091826e-06,7.900729430813715e-06,6.127096293284106e-06,4.8371812841716626e-06,4.030984403476385e-06,3.547266275059219e-06
1980,Lynen, Kurt,5.6121550540984864e-05,2.6548517920585654e-05,1.915525976548585e-05,1.646680225454047e-05,1.6130745065672295e-05,1.2770173176990568e-05,1.0081715666045184e-05,8.401429721704321e-06,7.057200966231629e-06
1980,Gahres, William ""Bill"",5.679366491872121e-05,2.7220632298321998e-05,1.915525976548585e-05,1.646680225454047e-05,1.6130745065672295e-05,1.2770173176990568e-05,1.0081715666045184e-05,8.401429721704321e-06,7.057200966231629e-06
1980,Wendelken, Martin E.,5.712972210758938e-05,2.7220632298321998e-05,1.915525976548585e-05,1.646680225454047e-05,1.6130745065672295e-05,1.2770173176990568e-05,1.0081715666045184e-05,8.401429721704321e-06,7.3932581550998024e-06
1980,McLain, Harley,0.0005778503965249272,0.0003088510740047025,0.00019593777813201556,0.00017269092309940356,0.00016604896451865726,0.00012619721303417953,0.00010627133729194065,8.634546154970178e-05,7.970350296895549e-05
1980,Congress, Richard,4.085345910907243e-05,2.2411040425548305e-05,1.3773451928201564e-05,1.283965857713705e-05,1.1905865226072538e-05,8.871036835112872e-06,7.470346808516102e-06,6.770001795217717e-06,5.836208444153204e-06
1984,Reagan, Ronald,0.0016140298886583972,0.000889039414080691,0.0005662334363490115,0.0004921468185089539,0.00039689259557173704,0.0003492654841031286,0.00032809787900596926,0.0003175140764573896,0.0002381355573430422
1984,Mondale, Walter,0.0016140298886583972,0.000889039414080691,0.0005662334363490115,0.0004921468185089539,0.0004021844968460268,0.0003492654841031286,0.00032809787900596926,0.0003175140764573896,0.0002381355573430422
1984,Bergland, David,0.0016140298886583972,0.0008943313153549808,0.0005662334363490115,0.0004921468185089539,0.0004021844968460268,0.0003492654841031286,0.00032809787900596926,0.0003175140764573896,0.0002381355573430422
1984,Hall, Gus,0.00013745151330046856,7.596004682394314e-05,4.837931553667808e-05,4.159716849882601e-05,3.391073518926033e-05,2.9841446966549094e-05,2.8032874423121878e-05,2.7128588151408268e-05,2.03464411135562e-05
1984,Richards, Bob,0.00013654722702875495,7.596004682394314e-05,4.792717240082127e-05,4.159716849882601e-05,3.345859205340353e-05,2.938930383069229e-05,2.758073128726507e-05,2.7128588151408268e-05,2.03464411135562e-05
1984,Mason, Melvin,0.00013745151330046856,7.596004682394314e-05,4.837931553667808e-05,4.204931163468281e-05,3.391073518926033e-05,2.9841446966549094e-05,2.8032874423121878e-05,2.7128588151408268e-05,2.03464411135562e-05
1984,Serrette, Dennis,0.00013745151330046856,7.596004682394314e-05,4.837931553667808e-05,4.159716849882601e-05,3.345859205340353e-05,2.938930383069229e-05,2.758073128726507e-05,2.7128588151408268e-05,2.03464411135562e-05
1984,Other,0.00013745151330046856,7.596004682394314e-05,4.837931553667808e-05,4.159716849882601e-05,3.345859205340353e-05,2.938930383069229e-05,2.8032874423121878e-05,2.7128588151408268e-05,2.03464411135562e-05
1984,Larouche, Lyndon, Jr.,0.00013654722702875495,7.596004682394314e-05,4.837931553667808e-05,4.159716849882601e-05,3.345859205340353e-05,2.938930383069229e-05,2.758073128726507e-05,2.7128588151408268e-05,2.03464411135562e-05
1984,Johnson, Sonia,0.00013699937016461175,7.596004682394314e-05,4.837931553667808e-05,4.159716849882601e-05,3.345859205340353e-05,2.938930383069229e-05,2.758073128726507e-05,2.7128588151408268e-05,2.03464411135562e-05
1984,Dodge, Earl,0.0008868146201423435,0.0004951921054079509,0.00031394532172922376,0.0002621605263924446,0.00022332192988986022,0.00018448333338727584,0.00017477368426162973,0.00018124678367872714,0.00012298888892485054
1984,Lowery, Arthur,0.0002408396143852484,0.0001255079680599182,8.367197870661212e-05,7.801846663184103e-05,6.784214489725307e-05,4.975090625798558e-05,4.748950142807715e-05,4.183598935330606e-05,3.9574584523397625e-05
1984,Dennis, Delmar,0.00046056894558298497,0.0002636360171268121,0.00016358138412085328,0.0001381706836748955,0.00011593632078468242,9.846646422808645e-05,9.2113789116597e-05,9.052562033872463e-05,6.67030886706392e-05
1984,Holmes, Larry,0.00013745151330046856,7.596004682394314e-05,4.837931553667808e-05,4.159716849882601e-05,3.345859205340353e-05,2.9841446966549094e-05,2.8032874423121878e-05,2.7128588151408268e-05,2.03464411135562e-05
1984,Winn, Edward,5.7379889752178734e-05,3.3024396979671216e-05,2.0227443150048617e-05,1.7337808414327386e-05,1.46545761597291e-05,1.217774638625376e-05,1.1352136461761979e-05,1.176494142400787e-05,8.049696763794858e-06
1984,Baker, Gerald,0.00017578354378108886,9.84993995325067e-05,5.758426434208084e-05,5.6068888964657656e-05,4.697663670011858e-05,3.712669674686791e-05,3.485363368073314e-05,3.561132136944473e-05,2.727675679361724e-05
1984,Anderson, John B.,0.0001708846200190602,9.712672847237183e-05,5.915236846813622e-05,5.477071154457058e-05,4.6007397697439286e-05,3.651380769638039e-05,3.359270308066996e-05,3.505325538852517e-05,2.6289941541393877e-05
1988,Bush, George H.W.,0.0022316497782510435,0.0012347706894891561,0.000741995230839814,0.0006457057734025862,0.0005494163159653584,0.00044746277279652906,0.00042480642987012253,0.00041914234413852085,0.0003058606295064882
1988,Dukakis, Michael,0.0022316497782510435,0.0012347706894891561,0.000741995230839814,0.0006457057734025862,0.0005494163159653584,0.0004531268585281307,0.00042480642987012253,0.00041914234413852085,0.0003058606295064882
1988,Paul, Ronald ""Ron"",0.0022316497782510435,0.0012404347752207577,0.000741995230839814,0.0006457057734025862,0.0005494163159653584,0.0004531268585281307,0.00042480642987012253,0.00041914234413852085,0.0003058606295064882
1988,Winn, Edward,8.178559784280014e-05,4.5852841917257225e-05,2.7335348066057193e-05,2.380820638011433e-05,2.138329647102861e-05,1.697436936360003e-05,1.6092583942114316e-05,1.5651691231371457e-05,1.1022317768571448e-05
1988,Fulani, Lenora,0.0022316497782510435,0.0012404347752207577,0.000741995230839814,0.0006457057734025862,0.0005550804016969601,0.0004531268585281307,0.00042480642987012253,0.00041914234413852085,0.0003058606295064882
1988,Larouche, Lyndon, Jr.,0.0002085507971304697,0.00011580198503902688,6.862339854164555e-05,6.111771432615307e-05,5.200366920734077e-05,4.235350378742187e-05,4.0209022582995445e-05,3.9672902281888834e-05,2.895049625975672e-05
1988,Dodge, Earl,0.0006866300847547023,0.00038359222611994545,0.00022823737454136754,0.00020138591871297136,0.00018028834627637437,0.00014001116253378008,0.00014001116253378008,0.00013425727914198092,9.206213426878691e-05
1988,Kenoyer, Willa,0.0015822264597580222,0.0008876906891109942,0.0005260389268805891,0.00046439374013677013,0.0003986388742766965,0.00032466465018411364,0.00030822593371909523,0.0002958968963703314,0.00021370331404523934
1988,Warren, James ""Mac"",0.0002096230377326829,0.00011580198503902688,6.915951884275216e-05,6.111771432615307e-05,5.200366920734077e-05,4.235350378742187e-05,4.0209022582995445e-05,3.9672902281888834e-05,2.895049625975672e-05
1988,Scattering,0.0001793203894127052,9.94703432365642e-05,5.9773463137568395e-05,5.2016601509028985e-05,4.4259739880489575e-05,3.604659227380079e-05,3.4221448361203284e-05,3.37651623830539e-05,2.463944282006636e-05
1988,Duke, David,0.001574007101525513,0.0008876906891109942,0.0005260389268805891,0.00046439374013677013,0.0003986388742766965,0.00032466465018411364,0.00030822593371909523,0.0002958968963703314,0.00021370331404523934
1988,McCarthy, Eugene ""Gene"",8.156515148742872e-05,4.56323955618858e-05,2.7114901710685762e-05,2.3587760024742898e-05,2.138329647102861e-05,1.697436936360003e-05,1.6092583942114316e-05,1.5651691231371457e-05,1.1022317768571448e-05
1988,Herer, Jack,0.0001635833822175802,8.966086255657458e-05,5.3414981948597616e-05,4.912270661344245e-05,4.339967283323557e-05,3.386128319955742e-05,3.4338202681241326e-05,3.24305247545057e-05,2.2415215639143645e-05
1988,Dennis, Delmar,0.0005826821306691726,0.0003292076759483654,0.00019628814481428359,0.0001715589297195707,0.00014992086651169692,0.0001221004995301449,0.00011591819575646668,0.00011128146792620803,8.03699490578169e-05
1988,Herberg G., Lewin,0.0015781167806417674,0.0008876906891109942,0.0005260389268805891,0.00046439374013677013,0.0003986388742766965,0.00032466465018411364,0.00030822593371909523,0.0002958968963703314,0.00021370331404523934
1988,Holmes, Larry,0.0002090869174315763,0.00011580198503902688,6.915951884275216e-05,6.111771432615307e-05,5.200366920734077e-05,4.235350378742187e-05,4.0209022582995445e-05,3.9672902281888834e-05,2.895049625975672e-05
1988,Marra, William A.,5.519850415137465e-05,3.129971045455043e-05,1.8502291894315525e-05,1.6189505407526086e-05,1.4493461983880494e-05,1.1255560902375278e-05,1.1255560902375278e-05,1.079300360501739e-05,7.555102523512173e-06
1988,Youngkeit, Louie G.,0.0005826821306691726,0.0003292076759483654,0.00019783372075770316,0.00017465008160640982,0.00014992086651169692,0.0001221004995301449,0.00011591819575646668,0.00011128146792620803,8.03699490578169e-05
1992,Bush, George H.W.,0.0025564827600008003,0.0014008124712333154,0.0008204758760080847,0.0007254207440315383,0.0006503772187868964,0.000475275659882732,0.00046526985651677974,0.00046026695483380363,0.0003802205279061856
1992,Clinton, Bill,0.0025564827600008003,0.0014008124712333154,0.0008204758760080847,0.0007254207440315383,0.0006503772187868964,0.0004802785615657081,0.00046526985651677974,0.00046026695483380363,0.0003802205279061856
1992,Perot, Ross,0.0025564827600008003,0.0014008124712333154,0.0008204758760080847,0.0007254207440315383,0.0006553801204698726,0.0004802785615657081,0.00046526985651677974,0.00046026695483380363,0.0003802205279061856
1992,Marrou, Andre,0.0025564827600008003,0.0014008124712333154,0.0008204758760080847,0.0007254207440315383,0.0006553801204698726,0.0004802785615657081,0.00046526985651677974,0.00046526985651677974,0.0003802205279061856
1992,Other,0.00020110119696696726,0.00011023032210959501,6.47948846809089e-05,5.689306947592001e-05,5.136179883242778e-05,3.753362222369723e-05,3.634834994294889e-05,3.634834994294889e-05,2.9631807018708338e-05
1992,Gritz, James ""Bo"",0.00022075875439604996,0.00012021516328497769,7.12548058743686e-05,6.294903095649741e-05,5.595469418355325e-05,4.152887458935593e-05,3.978029039611989e-05,4.02174364444289e-05,3.234880757486672e-05
1992,Larouche, Lyndon, Jr.,0.00173282108104563,0.0009492545762700164,0.0005591972412936097,0.0004936123796604085,0.00043493118767280747,0.0003279243081660056,0.0003072132992292053,0.0003175688036976055,0.00025198394206440435
1992,Hagelin, John,0.00020189137848746614,0.00011062541286984447,6.47948846809089e-05,5.689306947592001e-05,5.136179883242778e-05,3.753362222369723e-05,3.634834994294889e-05,3.634834994294889e-05,2.9631807018708338e-05
1992,Phillips, Howard,0.00022075875439604996,0.00012108945538159572,7.12548058743686e-05,6.294903095649741e-05,5.595469418355325e-05,4.152887458935593e-05,3.978029039611989e-05,4.02174364444289e-05,3.234880757486672e-05
1992,Fulani, Lenora,0.0025564827600008003,0.0014058153729162915,0.0008204758760080847,0.0007254207440315383,0.0006553801204698726,0.0004802785615657081,0.00046526985651677974,0.00046526985651677974,0.0003802205279061856
1992,Daniels, Ron,0.00020149628772721668,0.00011062541286984447,6.47948846809089e-05,5.689306947592001e-05,5.136179883242778e-05,3.753362222369723e-05,3.634834994294889e-05,3.634834994294889e-05,2.9631807018708338e-05
1992,Prohibition,0.0002555474833989727,0.00014211244089269555,8.730674619865153e-05,7.583578684408417e-05,6.627665404861137e-05,5.289386813494946e-05,4.907021501676035e-05,4.970749053645853e-05,3.568742910309843e-05
1992,Unaffiliated,0.0002555474833989727,0.00014274971641239372,8.730674619865153e-05,7.583578684408417e-05,6.627665404861137e-05,5.289386813494946e-05,4.907021501676035e-05,4.970749053645853e-05,3.568742910309843e-05
1992,Daniels, Ronald,0.0017928391893554567,0.0009886980823651415,0.0006064014905172868,0.0005229114302286749,0.0004701808658358673,0.00036911395074965285,0.00033835445485384845,0.0003427486685532491,0.0002548643945652365
1992,Warren, James ""Mac"",0.00022119590044435895,0.00012152660142990473,7.12548058743686e-05,6.294903095649741e-05,5.6391840231862266e-05,4.152887458935593e-05,3.978029039611989e-05,4.02174364444289e-05,3.234880757486672e-05
1992,Blank Vote/Scattering,0.00020189137848746614,0.00011062541286984447,6.47948846809089e-05,5.689306947592001e-05,5.136179883242778e-05,3.753362222369723e-05,3.634834994294889e-05,3.634834994294889e-05,3.002689777895778e-05
1992,Herer, Jack,0.00018867538804096171,0.00010519824118762425,6.26078601400031e-05,5.4941591551431294e-05,4.8127130583811907e-05,3.790543913238283e-05,3.577592008000177e-05,3.6627727700954196e-05,2.7683747680953753e-05
1992,Yiamouyiannis, John,0.0002413384900813791,0.00013295963110964868,8.04461633604597e-05,7.094904685262765e-05,6.201058425702102e-05,4.916154427583648e-05,4.5809620802484e-05,4.6368274714709416e-05,3.4636542557975704e-05
1992,Brisben, J. Quinn,0.0006707007276901282,0.00036962464952862775,0.00021505434154392889,0.00019220481775488645,0.0001666671146965449,0.0001263444256570582,0.00011962397748381044,0.00012096806711846,9.811854332941755e-05
1992,Dodge, Earl,0.0008193183692231037,0.0004543971255434344,0.0002684276455912952,0.00023509349352440236,0.000205268199569814,0.00016316190222215985,0.00015088089882909404,0.00015438975694139856,0.00012105560487450569
1992,Halyard, Helen,0.00010339972203721782,5.754826158632485e-05,3.3920723292752454e-05,3.017774692941425e-05,2.6200834543367412e-05,2.0820306021068746e-05,1.9416689884816922e-05,2.0118497952942832e-05,1.5205841476061444e-05
1992,Bradford, Drew,0.00013727743260694928,7.59661609633227e-05,4.516098545457373e-05,4.0076636098760796e-05,3.469320736907651e-05,2.751530239616413e-05,2.572082615293603e-05,2.631898490067873e-05,2.0337397423251747e-05
1992,Haylard, Helen,0.00013817467072856334,7.686339908493674e-05,4.546006482844508e-05,4.0076636098760796e-05,3.469320736907651e-05,2.751530239616413e-05,2.572082615293603e-05,2.631898490067873e-05,2.0337397423251747e-05
1992,La Riva, Gloria Estella,0.0008175639401669514,0.0004543971255434344,0.0002684276455912952,0.00023509349352440236,0.000205268199569814,0.00016316190222215985,0.00015088089882909404,0.00015438975694139856,0.00012105560487450569
1992,Hem, Roland,0.00020189137848746614,0.00011062541286984447,6.47948846809089e-05,5.728816023616945e-05,5.136179883242778e-05,3.753362222369723e-05,3.634834994294889e-05,3.634834994294889e-05,3.002689777895778e-05
1996,Dole, Robert,0.002873739784753109,0.0016921033601013371,0.0009453091397214174,0.0008413251343520615,0.0007231614918868844,0.0005530058467370292,0.0005482793010384221,0.0005151934811481725,0.00040648293008020947
1996,Clinton, Bill,0.002873739784753109,0.0016921033601013371,0.0009453091397214174,0.0008413251343520615,0.0007231614918868844,0.0005530058467370292,0.0005530058467370292,0.0005151934811481725,0.00040648293008020947
1996,Browne, Harry,0.002878466330451716,0.0016968299057999441,0.0009453091397214174,0.0008413251343520615,0.0007231614918868844,0.0005530058467370292,0.0005530058467370292,0.0005151934811481725,0.00040648293008020947
1996,Hagelin, John,0.002878466330451716,0.0016968299057999441,0.0009453091397214174,0.0008413251343520615,0.0007278880375854914,0.0005530058467370292,0.0005530058467370292,0.0005151934811481725,0.00040648293008020947
1996,Perot, Ross,0.002873739784753109,0.0016968299057999441,0.0009453091397214174,0.0008413251343520615,0.0007231614918868844,0.0005530058467370292,0.0005530058467370292,0.0005151934811481725,0.00040648293008020947
1996,Nader, Ralph,0.0023138027231678206,0.0013619708337041351,0.0007622393586355528,0.0006732469462060213,0.000591993004422536,0.00044883129747068086,0.0004372235915016115,0.00041013894424044977,0.00032888500245696443
1996,Phillips, Howard,0.00027639038707859005,0.000162555796024805,9.106767284302801e-05,8.105022883029494e-05,6.966676972491643e-05,5.327458861317139e-05,5.236391188474111e-05,4.963188169945027e-05,3.915909932250205e-05
1996,Other,0.00042315062129833934,0.0002467773777726164,0.00014008245267680872,0.00012121124143537336,0.00010814655672976425,8.274300313552433e-05,8.129137150156777e-05,7.54848449657415e-05,6.096852862617582e-05
1996,Forbes, Ralph,0.000582406571807903,0.00032117177940474656,0.00018885805338236857,0.00016624032243837234,0.00014927702423037515,0.00011308865471998118,0.00010856510853118194,0.00010630333543678232,8.820915068158533e-05
1996,Collins, Charles,0.00034222500532864853,0.00019196373606442568,0.00011120657813387418,9.796769978460345e-05,8.870048494011393e-05,6.818022349874429e-05,6.619439174635368e-05,6.2884672159036e-05,5.229356947961941e-05
1996,Masters, Isabell,0.000582406571807903,0.00032117177940474656,0.00018885805338236857,0.00016624032243837234,0.00014927702423037515,0.00011308865471998118,0.00010969599507838174,0.00010743422198398213,8.820915068158533e-05
1996,Moorehead, Monica,0.00026887481215367396,0.00015750917213622814,8.785018614922019e-05,7.897642997253129e-05,6.788423475167015e-05,5.191147363363012e-05,5.013672239829233e-05,4.747459554528566e-05,3.8157151559762306e-05
1996,Hollis, Mary Cal,0.0023176719584908434,0.0013658400690271582,0.0007661085939585759,0.0006809854168520676,0.000591993004422536,0.00044883129747068086,0.0004372235915016115,0.00041013894424044977,0.00032888500245696443
1996,Dodge, Earl,0.0008968960186530334,0.000528823113175658,0.0002944583243819004,0.0002614068798084218,0.00022835543523494318,0.00017427125320561453,0.00016976423803650382,0.00015774553091887523,0.00012769876312480376
1996,Feinland, Marsha,5.139992947730064e-05,2.854442685535531e-05,1.6767355635313608e-05,1.4771241869204845e-05,1.3373962232928711e-05,1.0080374518849252e-05,9.980568830543814e-06,9.481540389016624e-06,7.784843687824175e-06
1996,Templin, Diane,0.0008923890034839227,0.0005258184363962508,0.0002944583243819004,0.0002614068798084218,0.00022835543523494318,0.00017427125320561453,0.00016976423803650382,0.00015774553091887523,0.00012769876312480376
1996,Harris, James,0.00026887481215367396,0.00015750917213622814,8.785018614922019e-05,7.897642997253129e-05,6.788423475167015e-05,5.191147363363012e-05,5.058041020712678e-05,4.747459554528566e-05,3.8157151559762306e-05
1996,Scattering,0.00027639038707859005,0.00016301113438902016,9.106767284302801e-05,8.105022883029494e-05,6.966676972491643e-05,5.327458861317139e-05,5.281925024895625e-05,4.963188169945027e-05,3.915909932250205e-05
1996,White, Jerome ""Jerry"",0.0002508561034658279,0.00014640874402278321,8.437887116577848e-05,7.206411699563783e-05,6.431038288851225e-05,5.10834247057686e-05,4.880291467426107e-05,4.561020063015053e-05,3.785646652302494e-05
1996,Peron, Dennis,0.0023176719584908434,0.0013619708337041351,0.0007622393586355528,0.0006809854168520676,0.000591993004422536,0.00044883129747068086,0.0004372235915016115,0.00041013894424044977,0.00032888500245696443
1996,Birrenback, John,0.0002508561034658279,0.00014640874402278321,8.392276915947698e-05,7.206411699563783e-05,6.431038288851225e-05,5.062732269946709e-05,4.880291467426107e-05,4.561020063015053e-05,3.785646652302494e-05
1996,None Of The Above,0.0012061712892463368,0.0007086256324322229,0.0004027750555161875,0.00034462036835609624,0.000308004454218261,0.00024123425784926736,0.00023261874864036495,0.00021754160752478574,0.00017877181608472493
1996,Blank Vote/Scattering,8.836598862982866e-05,5.1715068916929606e-05,2.9351795871770855e-05,2.5469283190319684e-05,2.2518573552416793e-05,1.7548957320159294e-05,1.692775529112711e-05,1.568535123306273e-05,1.288994210241789e-05
1996,Crane, Peter,0.0008938913418736263,0.0005258184363962508,0.0002944583243819004,0.0002614068798084218,0.00022835543523494318,0.00017427125320561453,0.00016976423803650382,0.00015774553091887523,0.00012769876312480376
2000,Bush, George W.,0.0033781570796253147,0.00200724291850313,0.0010995386616508987,0.0009217409206179875,0.0008094476104919383,0.0006269709815371082,0.0006690809728343767,0.0005521087747864088,0.00047724656803570925
2000,Gore, Al,0.0033781570796253147,0.00200724291850313,0.0010995386616508987,0.0009217409206179875,0.0008094476104919383,0.000631649869459027,0.0006690809728343767,0.0005521087747864088,0.00047724656803570925
2000,Browne, Harry,0.0033828359675472336,0.002011921806425049,0.0010995386616508987,0.0009217409206179875,0.0008094476104919383,0.000631649869459027,0.0006690809728343767,0.0005521087747864088,0.00047724656803570925
2000,Nader, Ralph,0.00027707152331999415,0.0001650884493114965,9.043306663916475e-05,7.580984735283173e-05,6.657412990883192e-05,5.1181267502165584e-05,5.502948310383217e-05,4.5408944099665703e-05,3.925179913699917e-05
2000,Buchanan, Patrick ""Pat"",0.0033781570796253147,0.002011921806425049,0.0010995386616508987,0.0009217409206179875,0.0008094476104919383,0.000631649869459027,0.0006690809728343767,0.0005521087747864088,0.00047724656803570925
2000,Hagelin, John,0.0033828359675472336,0.002011921806425049,0.0010995386616508987,0.0009264198085399062,0.0008094476104919383,0.000631649869459027,0.0006737598607562955,0.0005521087747864088,0.00047724656803570925
2000,Phillips, Howard,0.0033828359675472336,0.002011921806425049,0.0010995386616508987,0.0009217409206179875,0.0008094476104919383,0.000631649869459027,0.0006737598607562955,0.0005521087747864088,0.00047724656803570925
2000,L. Neil, Smith,0.0003988209000428194,0.0002356372257208802,0.00013054693945755135,0.00011683951081450846,0.00010313208217146557,7.767542897724305e-05,7.767542897724305e-05,7.114808200436549e-05,5.74406533613226e-05
2000,McReynolds, David,0.00028784694904345165,0.0001720649360203873,9.286682294558286e-05,7.919811307480443e-05,6.954961198954907e-05,5.3468776847456796e-05,5.7488985632979865e-05,4.743846366917219e-05,4.060410873378298e-05
2000,Harris, James,0.00028784694904345165,0.0001720649360203873,9.326884382413516e-05,7.919811307480443e-05,6.954961198954907e-05,5.3468776847456796e-05,5.7488985632979865e-05,4.743846366917219e-05,4.060410873378298e-05
2000,Dodge, Earl,0.00035604191647026933,0.00020960532179298115,0.00011485223111944173,0.0001062383137854836,9.130752373995617e-05,6.833707751606783e-05,7.005986098285946e-05,6.316872711569295e-05,5.110924284815157e-05
2000,Moorehead, Monica,0.00028784694904345165,0.0001720649360203873,9.286682294558286e-05,7.919811307480443e-05,6.954961198954907e-05,5.306675596890449e-05,5.7488985632979865e-05,4.743846366917219e-05,4.060410873378298e-05
2000,Scattering,0.0002774563448801608,0.0001650884493114965,9.043306663916475e-05,7.580984735283173e-05,6.657412990883192e-05,5.1566089062332244e-05,5.502948310383217e-05,4.5408944099665703e-05,3.925179913699917e-05
2000,Other,0.0004485152710323022,0.00026793572150330845,0.00014733205124026208,0.00012777469930571402,0.00011017308256462075,8.605234851201147e-05,8.931190716776948e-05,7.692558427588905e-05,6.32354379217054e-05
2000,Blank Vote/Scattering,9.769813145139914e-05,5.8475205148116836e-05,3.203924016715001e-05,2.8016375930915928e-05,2.4280859140127138e-05,1.8533910231221305e-05,1.839023650849866e-05,1.666615183582691e-05,1.3649003658651348e-05
2000,None Of These Candidates,0.001105958721813641,0.0006481508829620003,0.0003593545401738685,0.0003183323323914634,0.0002773101246090584,0.00021003370384591402,0.00021003370384591402,0.0001903430441103596,0.0001558843895731393
2000,Blank Vote,0.001105958721813641,0.0006497917712732965,0.00036099542848516474,0.00031997322070275965,0.0002773101246090584,0.00021167459215721022,0.00021003370384591402,0.0001903430441103596,0.0001558843895731393
2000,Over Vote,0.0011075996101249372,0.0006497917712732965,0.00036099542848516474,0.00031997322070275965,0.0002773101246090584,0.00021167459215721022,0.00021003370384591402,0.0001903430441103596,0.0001558843895731393
2000,Not Designated,0.00014610810127949864,8.740965011044241e-05,4.7851998235643654e-05,4.14717318042245e-05,3.594216756366123e-05,2.7647821202816334e-05,2.7860496750530305e-05,2.5095714630248674e-05,2.0416852580541294e-05
2000,Dennis ""Denny"", Lane,0.0023920518640335973,0.0014474632018157847,0.0007848920178860242,0.0006693667858162197,0.0005810239612922517,0.0004485097245062995,0.0004756921320521359,0.00040094051130108596,0.00034317789526618373
2004,Bush, George W.,0.0034035782679477243,0.0020093413871016684,0.001123590898093586,0.0009185560626750485,0.0007996358581322967,0.0006151045062556128,0.000643809383214208,0.0005371912687965686,0.0004879829082961195
2004,Kerry, John,0.0034035782679477243,0.0020093413871016684,0.001123590898093586,0.0009185560626750485,0.0007996358581322967,0.0006151045062556128,0.0006479100799225789,0.0005371912687965686,0.0004879829082961195
2004,Other,0.003407678964656095,0.0020093413871016684,0.001127691594801957,0.00092675745609179,0.0007996358581322967,0.0006151045062556128,0.0006479100799225789,0.0005371912687965686,0.0004879829082961195
2004,Nader, Ralph,0.0034035782679477243,0.0020093413871016684,0.001127691594801957,0.0009185560626750485,0.0007996358581322967,0.0006151045062556128,0.0006479100799225789,0.0005371912687965686,0.0004879829082961195
2004,Peroutka, Michael,0.00028820419407054844,0.00016998451252219242,9.548512740444142e-05,7.764724646075457e-05,6.75041376888542e-05,5.2114593345281216e-05,5.4912692316839936e-05,4.581887065927409e-05,4.1621722201936004e-05
2004,Badnarik, Michael,0.003407678964656095,0.0020093413871016684,0.001127691594801957,0.0009185560626750485,0.0007996358581322967,0.0006151045062556128,0.0006479100799225789,0.0005371912687965686,0.0004879829082961195
2004,Cobb, David,0.0002766092972088487,0.00016349644828991057,9.142454455394999e-05,7.474123350395911e-05,6.506491309496441e-05,5.0049933149972625e-05,5.238559669697135e-05,4.371027495097609e-05,3.970628029897828e-05
2004,Peltier, Leonard,5.89307783137634e-05,3.502033957170366e-05,1.8919034021495083e-05,1.610130555020858e-05,1.4249655411934594e-05,1.110990082964392e-05,1.1673446523901221e-05,9.660783330125148e-06,8.211665830606375e-06
2004,Andress, Stanford,0.00034559993989566264,0.00020566952944877748,0.00011034780689603358,9.391302714556049e-05,8.311302902382104e-05,6.479998873043674e-05,6.855650981625917e-05,5.68173814230641e-05,4.7895643844235855e-05
2004,Amondson, Gene,0.00039267029179056623,0.00023467582314088886,0.00012763071083100975,0.00010550119242079434,9.314983330811598e-05,7.256423478698538e-05,7.822527438029629e-05,6.381535541550487e-05,5.403719611796783e-05
2004,Van Auken, Bill,0.0002885539564419933,0.0001706840372650821,9.548512740444142e-05,7.764724646075457e-05,6.785390006029903e-05,5.2114593345281216e-05,5.4912692316839936e-05,4.581887065927409e-05,4.1621722201936004e-05
2004,Calero, Roger,0.0002885539564419933,0.00017033427489363727,9.548512740444142e-05,7.764724646075457e-05,6.785390006029903e-05,5.2114593345281216e-05,5.4912692316839936e-05,4.581887065927409e-05,4.1621722201936004e-05
2004,Brown, Walt,0.000498238239475799,0.0002960994003832602,0.00016566730543364036,0.00013475922606169253,0.00011930518637571861,9.086975335352662e-05,9.705136922791618e-05,8.09791679545033e-05,7.170674414291896e-05
2004,Dodge, Earl,0.0003460695050313904,0.00020660865972023308,0.00011128693716748919,9.391302714556049e-05,8.311302902382104e-05,6.479998873043674e-05,6.855650981625917e-05,5.68173814230641e-05,4.7895643844235855e-05
2004,Others,0.003264699937606004,0.001959698751241289,0.0010457585264471454,0.0008787886776866767,0.0007865158665295756,0.0006107581309922403,0.0006459096780997073,0.0005360610933888728,0.0004525761690086385
2004,The Better Life,,0.001031384322958291,0.000615590643022226,0.0003374948700779748,0.00027674579346393936,0.00024434628593645376,0.0001903471067239778,0.0002051968810074087,0.0001687474350389874,0.00014309782491306132
2004,Blank Vote/Scattering,0.0002766092972088487,0.00016316278206891075,9.142454455394999e-05,7.474123350395911e-05,6.506491309496441e-05,5.0049933149972625e-05,5.238559669697135e-05,4.371027495097609e-05,3.970628029897828e-05
2004,Harens, Thomas,0.0002750684400684913,0.00016334398369105785,8.980383518945604e-05,7.42472653141172e-05,6.434762993890158e-05,5.0205293688593537e-05,5.4801552969943644e-05,4.419480078221262e-05,3.74771910633163e-05
2004,Independent Party Candidate,,0.00013917800051650118,8.250152957142536e-05,4.610379593697299e-05,3.761099142226744e-05,3.310460535324e-05,2.5305091003000212e-05,2.721163895528105e-05,2.2531930345137177e-05,1.9758769687274137e-05
2004,Nonpartisan,0.0018438282082839587,0.0010911985798405066,0.000608509061294706,0.0004987029148956612,0.00043693695754619866,0.00033399369529709424,0.0003591576038468753,0.0002996792745473928,0.00026307722574771123
2004,Workers World,0.0018438282082839587,0.0010934862078904866,0.0006107966893446861,0.0004987029148956612,0.00043693695754619866,0.00033399369529709424,0.0003591576038468753,0.0002996792745473928,0.00026307722574771123
2004,Jay, Charles,0.0008773026500144421,0.0005194838787554804,0.00029207496087704397,0.0002371088243282276,0.00020800910497885422,0.0001605873401132087,0.0001692094791796897,0.00014118752721362644,0.0001271765512305948
2004,Parker, John,0.0002885539564419933,0.00017033427489363727,9.548512740444142e-05,7.764724646075457e-05,6.75041376888542e-05,5.2114593345281216e-05,5.4912692316839936e-05,4.581887065927409e-05,4.1621722201936004e-05
2008,McCain, John,0.0036680475786962934,0.0021262906819822366,0.0012161441170009102,0.0010278379311427048,0.0008473778363619244,0.0006669177415811443,0.0006826099237359947,0.0005806107397294668,0.0005178420111100649
2008,Obama, Barack H.,0.0036680475786962934,0.0021262906819822366,0.0012161441170009102,0.0010278379311427048,0.0008473778363619244,0.0006669177415811443,0.0006826099237359947,0.0005845337852681794,0.0005178420111100649
2008,Nader, Ralph,0.000313063845918958,0.000181335696619011,0.00010390770046560706,8.748358006943045e-05,7.172983193432228e-05,5.6646456060282556e-05,5.798720058241942e-05,4.9272361188529794e-05,4.424456923051655e-05
2008,Baldwin, Charles ""Chuck"",0.000313063845918958,0.000181335696619011,0.00010390770046560706,8.748358006943045e-05,7.20650180648565e-05,5.698164219081677e-05,5.798720058241942e-05,4.9607547319064014e-05,4.424456923051655e-05
2008,Barr, Bob,0.0036719706242350062,0.0021262906819822366,0.0012161441170009102,0.0010278379311427048,0.0008473778363619244,0.0006669177415811443,0.0006826099237359947,0.0005845337852681794,0.0005178420111100649
2008,McKinney, Cynthia,0.000313063845918958,0.000181335696619011,0.00010390770046560706,8.781876619996467e-05,7.20650180648565e-05,5.698164219081677e-05,5.798720058241942e-05,4.9607547319064014e-05,4.424456923051655e-05
2008,La Riva, Gloria Estella,0.000313063845918958,0.00018167088274954524,0.00010390770046560706,8.781876619996467e-05,7.240020419539072e-05,5.698164219081677e-05,5.832238671295364e-05,4.9607547319064014e-05,4.424456923051655e-05
2008,Keyes, Alan,0.00010189799617292578,5.935111356037081e-05,3.3727640838523974e-05,2.764951475101612e-05,2.371660963556986e-05,1.8472736148308183e-05,1.8949451919877426e-05,1.6089157290461967e-05,1.4420652089969615e-05
2008,McEnulty, Frank,0.00035271664693480075,0.0002044673832880604,0.00011660054444125644,9.577901864817493e-05,8.16203811088795e-05,6.37138689268294e-05,6.579602150613756e-05,5.5801689125458435e-05,4.9555231387533986e-05
2008,Jay, Charles,0.0001020171751158181,5.935111356037081e-05,3.3727640838523974e-05,2.764951475101612e-05,2.371660963556986e-05,1.8472736148308183e-05,1.9068630862769736e-05,1.6089157290461967e-05,1.4420652089969615e-05
2008,Allen, Jonathan,0.00035271664693480075,0.0002044673832880604,0.00011701697495711807,9.577901864817493e-05,8.203681162474114e-05,6.37138689268294e-05,6.579602150613756e-05,5.5801689125458435e-05,4.9555231387533986e-05
2008,Stevens, Thomas R.,0.0001020171751158181,5.935111356037081e-05,3.3727640838523974e-05,2.776869369390843e-05,2.383578857846217e-05,1.8472736148308183e-05,1.9068630862769736e-05,1.6089157290461967e-05,1.4420652089969615e-05
2008,Moore, Brian,0.000313063845918958,0.000181335696619011,0.00010390770046560706,8.781876619996467e-05,7.240020419539072e-05,5.698164219081677e-05,5.832238671295364e-05,4.9607547319064014e-05,4.424456923051655e-05
2008,Harris, James,0.0003065648340170399,0.00017748490390460202,0.00010141994508834402,8.594352489629153e-05,7.046710470423903e-05,5.5649255584188764e-05,5.6637112192192114e-05,4.840497379216419e-05,4.3465690752147434e-05
2008,Lyttle, Bradford,0.00035396593848238564,0.00020488381380392203,0.0001174334054729797,9.577901864817493e-05,8.203681162474114e-05,6.37138689268294e-05,6.579602150613756e-05,5.5801689125458435e-05,4.9555231387533986e-05
2008,Amondson, Gene,0.0004442152817196996,0.0002590830804978271,0.00014790175855190917,0.00012240145535330414,0.00010302122492236433,8.1090964171564e-05,8.36409944914245e-05,7.03808368281499e-05,6.375075799651258e-05
2008,Calero, Roger,0.0028365216000196896,0.0016520738603151555,0.0009444817041280311,0.0008029632728906062,0.0006583683540175852,0.0005168499227801603,0.0005230028980513527,0.0004522436824326403,0.00040301988026310125
2008,Blank Vote,0.0018813149031714847,0.001100722705585181,0.0006249122930115071,0.0005130858826831322,0.00043853494246421553,0.00033986458040976707,0.00035082795397137244,0.0002960110861633455,0.0002653136401908504
2008,Over Vote,0.0036719706242350062,0.002130213727520949,0.0012161441170009102,0.0010278379311427048,0.0008473778363619244,0.0006669177415811443,0.0006826099237359947,0.0005845337852681794,0.0005178420111100649
2008,Paul, Ronald ""Ron"",0.0018098014931372409,0.0010589481115425344,0.0005978261978457853,0.0005019291626964614,0.00041623393979706554,0.0003284983544476841,0.00033870016669761214,0.00028769110544797177,0.0002611663935981588
2008,Other,0.0004973017686217355,0.00029105010000744037,0.00016576725620724518,0.00013950709680807762,0.00011434111071720873,9.026929793463847e-05,9.136347124293711e-05,7.878047819750266e-05,7.05741783852628e-05
2008,Blank Vote/Scattering,0.0001160318305355115,6.81169005152668e-05,3.9108942881388925e-05,3.263395233811261e-05,2.6935960660029457e-05,2.1367468792811828e-05,2.1496968603677353e-05,1.851847295377025e-05,1.6575975790787358e-05
2008,Weill, Ted,0.000683792489911735,0.00040081713977819383,0.0002271555550387056,0.000190717633240688,0.00015815608610203393,0.00012481926403150716,0.00012869563869087074,0.00010776321553030743,9.923519127970756e-05
2008,None Of These Candidates,0.0009185326621535613,0.0005383076681462378,0.0003047999272613055,0.00025623858291797886,0.00021284333903670824,0.0001673816549706152,0.00017151453534026005,0.0001456840330299799,0.00013225217182863424
2008,Boss, Jeffery,0.0002303374896626034,0.0001354622273661102,7.781322602518926e-05,6.437040956901038e-05,5.325423442255477e-05,4.265509067825989e-05,4.2913606379340255e-05,3.670922955341154e-05,3.309000973828646e-05
2008,Scattering,0.000313063845918958,0.000181335696619011,0.00010390770046560706,8.748358006943045e-05,7.172983193432228e-05,5.698164219081677e-05,5.798720058241942e-05,4.9607547319064014e-05,4.424456923051655e-05
2008,Wamboldt, Jeffrey,0.000313063845918958,0.000181335696619011,0.00010390770046560706,8.781876619996467e-05,7.20650180648565e-05,5.698164219081677e-05,5.832238671295364e-05,4.9607547319064014e-05,4.424456923051655e-05
2012,Romney, Mitt,0.004048647592151607,0.002373345140226804,0.0013801301151570996,0.0011647340856239105,0.0009254051639203673,0.0007538861033661613,0.0007498972880044355,0.0006541657193230182,0.0005704005967267781
2012,Obama, Barack H.,0.004048647592151607,0.002373345140226804,0.0013801301151570996,0.0011647340856239105,0.0009254051639203673,0.000757874918727887,0.0007498972880044355,0.0006541657193230182,0.0005704005967267781
2012,Johnson, Gary,0.004048647592151607,0.002373345140226804,0.0013801301151570996,0.0011647340856239105,0.0009293939792820931,0.000757874918727887,0.0007498972880044355,0.0006541657193230182,0.0005704005967267781
2012,Stein, Jill,0.0015094609792404368,0.0008874795283083596,0.0005160805324280545,0.0004340446096432481,0.0003445508756961867,0.00028190526193324364,0.0002804136997007926,0.00024461620612196804,0.00021329339924049652
2012,La Riva, Gloria Estella,0.000605493685927012,0.0003533099900137785,0.00020667686356798848,0.00017001858195654098,0.00013904865438824911,0.00010997484483434249,0.00011503115953936973,9.733405807177439e-05,8.59573499854631e-05
2012,Barr, Roseanne,0.0001123412663338832,6.513905358855413e-05,3.7407753600673295e-05,3.138947147564383e-05,2.5725205946204347e-05,2.0532962544218148e-05,2.1240995735398082e-05,1.793684084322505e-05,1.5812741269685242e-05
2012,Hoefling, Thomas Conrad ""Tom"",0.00011245927186574652,6.525705912041745e-05,3.7525759132536614e-05,3.138947147564383e-05,2.5725205946204347e-05,2.0532962544218148e-05,2.1240995735398082e-05,1.793684084322505e-05,1.5930746801548564e-05
2012,Goode, Virgil Hamlin, Jr.,0.004052636407513332,0.002373345140226804,0.0013801301151570996,0.0011647340856239105,0.0009293939792820931,0.000757874918727887,0.0007498972880044355,0.0006541657193230182,0.0005704005967267781
2012,Reed, Jill Ann,0.0003681627201387343,0.00021210220134842514,0.00012220200224478072,0.00010235390633878132,8.484088053937006e-05,6.693867638886078e-05,6.966292484654697e-05,5.837675266470417e-05,5.17607206960377e-05
2012,Anderson, Ross Carl ""Rocky"",0.00032314664202646857,0.0001900486191720023,0.00011070172093183973,9.246473222341527e-05,7.390779634466757e-05,6.015006802076841e-05,6.015006802076841e-05,5.2471335933010745e-05,4.575244535622278e-05
2012,Tittle, Sheila ""Samm"",0.0004829331039860787,0.00028133486120061283,0.00016398663032549088,0.00013540180485590992,0.00011082888471539292,8.976638173780694e-05,9.127084623620594e-05,7.773066575061494e-05,6.820239059408795e-05
2012,Alexander, Stewart,0.00017810996301261713,0.00010428571274984223,6.110211004758797e-05,4.9992635493481065e-05,4.0854196747360874e-05,3.3149238588867376e-05,3.332842366232071e-05,2.8490426679080607e-05,2.5085910283467203e-05
2012,Miller, Merlin,0.0002712657059957966,0.00015720768371792874,9.317028807758364e-05,7.530577856418265e-05,6.211352538505577e-05,5.0295465245421255e-05,5.111998106911669e-05,4.3424500047959335e-05,3.8202566497888277e-05
2012,Stevens, Thomas Robert ""Tom"",0.0001123412663338832,6.513905358855413e-05,3.7525759132536614e-05,3.138947147564383e-05,2.5725205946204347e-05,2.0532962544218148e-05,2.1240995735398082e-05,1.793684084322505e-05,1.5812741269685242e-05
2012,Harris, James,0.00032378653636711506,0.0001900486191720023,0.00011070172093183973,9.246473222341527e-05,7.390779634466757e-05,6.015006802076841e-05,6.015006802076841e-05,5.2471335933010745e-05,4.575244535622278e-05
2012,White, Jerry,0.0003693302551920284,0.0002128805580506212,0.0001229803589469768,0.00010235390633878132,8.484088053937006e-05,6.732785473995881e-05,7.005210319764501e-05,5.837675266470417e-05,5.17607206960377e-05
2012,Barnett, Andre,0.00011245927186574652,6.525705912041745e-05,3.7525759132536614e-05,3.138947147564383e-05,2.5725205946204347e-05,2.0532962544218148e-05,2.1240995735398082e-05,1.8054846375088372e-05,1.5930746801548564e-05
2012,Lindsay, Peta,0.00032346658919679184,0.0001900486191720023,0.00011070172093183973,9.246473222341527e-05,7.390779634466757e-05,6.015006802076841e-05,6.015006802076841e-05,5.2471335933010745e-05,4.575244535622278e-05
2012,Blank Vote,0.004056625222875058,0.002373345140226804,0.0013801301151570996,0.0011647340856239105,0.0009293939792820931,0.000757874918727887,0.0007498972880044355,0.0006541657193230182,0.0005704005967267781
2012,Over Vote,0.004056625222875058,0.00237733395558853,0.0013801301151570996,0.0011647340856239105,0.0009293939792820931,0.000757874918727887,0.0007498972880044355,0.0006541657193230182,0.0005704005967267781
2012,Baldwin, Charles ""Chuck"",0.0008258827160334181,0.0004827706899569041,0.0002819035993141208,0.00023276443980065019,0.0001905220044294211,0.00015086584061153253,0.00015690047423599384,0.00013276193973814864,0.00011724431041810527
2012,Terry, Randall,0.0005341606888892351,0.00031159373518538716,0.0001819484846528957,0.00015023269375009736,0.000122968241921376,9.848587701395273e-05,0.00010126796393525082,8.568827717598146e-05,7.567276425930831e-05
2012,Fellure, Lowell Jackson ""Jack"",0.0004834345921522117,0.00028133486120061283,0.00016398663032549088,0.00013540180485590992,0.00011133037288152593,9.026786990393995e-05,9.127084623620594e-05,7.773066575061494e-05,6.820239059408795e-05
2012,White, Jerome ""Jerry"",0.0004834345921522117,0.00028133486120061283,0.0001649896066577569,0.00013540180485590992,0.00011133037288152593,9.026786990393995e-05,9.127084623620594e-05,7.773066575061494e-05,6.820239059408795e-05
2012,Blank Vote/Scattering,0.00030462948888824683,0.00017681072396297213,0.00010395088744537083,8.510782627702567e-05,6.971932632287711e-05,5.6529183505035495e-05,5.7157285543980335e-05,4.899195903769743e-05,4.333904068719388e-05
2012,Other,0.0005566515953433523,0.00032583120490479355,0.0001905805160763887,0.00015648840029732796,0.0001274262688135385,0.00010339412162502026,0.00010451189591285832,8.942194302704455e-05,7.8803087292583e-05
2012,Carlson, Jim,0.00033168049293033587,0.0001927424630375463,0.00011373848525537184,9.228481887486757e-05,7.593916829924527e-05,6.163672404557576e-05,6.197725843256789e-05,5.312336437077248e-05,4.699374540491411e-05
2012,Morstad, Dean,0.00033236156170432014,0.0001927424630375463,0.00011373848525537184,9.228481887486757e-05,7.593916829924527e-05,6.163672404557576e-05,6.197725843256789e-05,5.312336437077248e-05,4.699374540491411e-05
2012,Washer, Barbara Dale,0.0007615216119677905,0.00044104469252884295,0.0002605819611942899,0.00021079913875717183,0.00017423987852991326,0.00014156990130555452,0.0001423477579061345,0.0001213456296904753,0.00010734421088003584
2012,None Of These Candidates,0.0009695364551618948,0.0005606364257999168,0.0003310612285918665,0.00026997254950646257,0.0002226780882790531,0.0001793248321539277,0.00018129543470506976,0.0001537069989890809,0.00013597157602880232
2012,Scattering,0.00033013895138231847,0.00019372058784268196,0.00011265096368666884,9.474401859196714e-05,7.553475021765078e-05,6.153477496179309e-05,6.120919414188943e-05,5.339525446420141e-05,4.65580572462244e-05
2012,Boss, Jeffery,0.0002712657059957966,0.00015720768371792874,9.317028807758364e-05,7.530577856418265e-05,6.211352538505577e-05,5.002062663752278e-05,5.084514246121821e-05,4.3424500047959335e-05,3.8202566497888277e-05
2012,Blank Vote/Void Vote/Scattering,0.00013882675095942213,8.093543375771978e-05,4.777438798198737e-05,3.8781562008907396e-05,3.189642962326804e-05,2.585437467260493e-05,2.6135400484263678e-05,2.220103912104119e-05,1.9671806816112447e-05
2012,Duncan, Richard,0.00017810996301261713,0.0001041065276763889,6.110211004758797e-05,4.9992635493481065e-05,4.0854196747360874e-05,3.3149238588867376e-05,3.332842366232071e-05,2.8311241605627273e-05,2.5085910283467203e-05
2012,Christensen, Will,0.0005566515953433523,0.00032583120490479355,0.0001905805160763887,0.000157047287441247,0.0001274262688135385,0.00010339412162502026,0.00010451189591285832,8.942194302704455e-05,7.8803087292583e-05
2012,Mitt, Romney,0.00032314664202646857,0.00018972867200167909,0.00011070172093183973,9.18248378827688e-05,7.390779634466757e-05,6.015006802076841e-05,6.015006802076841e-05,5.2151388762687504e-05,4.575244535622278e-05
2016,Trump, Donald J.,0.004308545991313353,0.002511708425429309,0.0014877042212158216,0.0012481258790979488,0.0009853625361299597,0.0007960183625206733,0.0007882900289039677,0.0006839575250784425,0.0005950816884863286
2016,Clinton, Hillary,0.004308545991313353,0.002511708425429309,0.0014877042212158216,0.0012481258790979488,0.0009892267029383125,0.0007960183625206733,0.0007882900289039677,0.0006839575250784425,0.0005950816884863286
2016,Johnson, Gary,0.004312410158121706,0.002511708425429309,0.0014877042212158216,0.0012481258790979488,0.0009892267029383125,0.0007960183625206733,0.0007882900289039677,0.0006839575250784425,0.0005950816884863286
2016,Stein, Jill,0.00037330107689464574,0.00021806696571073368,0.00012936175931992674,0.00010852947600087361,8.568116526384759e-05,6.921694135040237e-05,6.854493221107807e-05,5.947280883020009e-05,5.17447037279707e-05
2016,Castle, Darrell L.,0.004312410158121706,0.0025194367590460143,0.0014877042212158216,0.0012481258790979488,0.0009892267029383125,0.0007960183625206733,0.0007882900289039677,0.0006839575250784425,0.0005950816884863286
2016,De La Fuente, Roque ""Rocky"",0.0003743090906036322,0.00021840297028039582,0.00012936175931992674,0.00010852947600087361,8.568116526384759e-05,6.921694135040237e-05,6.854493221107807e-05,5.947280883020009e-05,5.17447037279707e-05
2016,Tittle, Sheila ""Samm"",0.0003991193724459955,0.00023200999547250177,0.00013524200741110655,0.00011386755221682248,9.093859119022682e-05,7.383902703479955e-05,7.345040057672166e-05,6.373473912477435e-05,5.596220996321651e-05
2016,McMullin, Evan,0.00027694418331846923,0.00016245048649777841,9.59135793541752e-05,8.059753657772315e-05,6.377499779047252e-05,5.172302970408401e-05,5.122086436715116e-05,4.419054965009119e-05,3.8666730943829795e-05
2016,Hedges, Jim,0.0009092235779009141,0.0005289063225532555,0.0003086760979449601,0.0002600308676097945,0.00020696334360779562,0.00016893161807302975,0.00016716270060629647,0.00014505123227213026,0.00012824651633816395
2016,Kahn, Lynn S.,0.0006719554414338457,0.00039090943931322577,0.00022739176535213786,0.00019545471965661288,0.00015265907842460942,0.00012583196004036843,0.00012263825547081592,0.00010858595536478494,9.325617343093295e-05
2016,La Riva, Gloria Estella,0.00033373339133722175,0.0001953561315144713,0.0001154651209414236,9.707511473404282e-05,7.68762554570836e-05,6.21039553888597e-05,6.150100436566688e-05,5.305969004096751e-05,4.642722878584657e-05
2016,Scattering,0.00037330107689464574,0.00021840297028039582,0.00012936175931992674,0.00010852947600087361,8.568116526384759e-05,6.921694135040237e-05,6.854493221107807e-05,5.947280883020009e-05,5.17447037279707e-05
2016,Keniston, Chris,0.00037119364654595677,0.00021545057585370942,0.00012660868564358217,0.00010682607851177245,8.45256850177324e-05,6.905928307831755e-05,6.798023178021883e-05,5.934782139542914e-05,5.215414607477106e-05
2016,Kopitke, Kyle Kenley,0.0009696663269446141,0.000571899830021117,0.00033677563406189423,0.0002828561755900424,0.00022363316382587728,0.00018120473748737092,0.00018032081193865204,0.00015468697102580443,0.00013524060895398903
2016,Maldonado, Joseph Allen,0.0003719130140780226,0.00021545057585370942,0.00012660868564358217,0.00010682607851177245,8.45256850177324e-05,6.905928307831755e-05,6.798023178021883e-05,5.970750516146204e-05,5.215414607477106e-05
2016,Maturen, Michael A.,0.0003719130140780226,0.00021545057585370942,0.00012660868564358217,0.00010682607851177245,8.45256850177324e-05,6.905928307831755e-05,6.798023178021883e-05,6.0067188927494945e-05,5.215414607477106e-05
2016,Silva, Rod,0.0003719130140780226,0.00021545057585370942,0.00012660868564358217,0.00010682607851177245,8.45256850177324e-05,6.905928307831755e-05,6.833991554625174e-05,6.0067188927494945e-05,5.215414607477106e-05
2016,Hoefling, Tom,0.0003719130140780226,0.00021545057585370942,0.00012660868564358217,0.00010682607851177245,8.45256850177324e-05,6.905928307831755e-05,6.869959931228464e-05,6.0067188927494945e-05,5.215414607477106e-05
2016,Kennedy, Alyson,0.00033373339133722175,0.0001953561315144713,0.0001151636454298272,9.707511473404282e-05,7.68762554570836e-05,6.21039553888597e-05,6.150100436566688e-05,5.305969004096751e-05,4.642722878584657e-05
2016,Kotlikoff, Laurence,0.0003719130140780226,0.00021545057585370942,0.00012696836940961507,0.00010718576227780536,8.488536878376531e-05,6.905928307831755e-05,6.869959931228464e-05,6.0067188927494945e-05,5.215414607477106e-05
2016,Lyttle, Bradford,0.0003719130140780226,0.00021545057585370942,0.00012732805317564798,0.00010718576227780536,8.488536878376531e-05,6.905928307831755e-05,6.869959931228464e-05,6.0067188927494945e-05,5.215414607477106e-05
2016,Atwood, Frank,0.0003719130140780226,0.00021545057585370942,0.00012768773694168088,0.00010718576227780536,8.488536878376531e-05,6.905928307831755e-05,6.869959931228464e-05,6.0067188927494945e-05,5.215414607477106e-05
2016,Emidio ""Mimi"", Soltysik,0.0002221164657061345,0.0001291859369022546,7.5427917997768e-05,6.417623962241034e-05,5.084091710346794e-05,4.146451845733655e-05,4.0631060799902654e-05,3.542195044094077e-05,3.062956891069584e-05
2016,Hedges, James,0.0008872483476756657,0.0005126691291322578,0.0003018132776343131,0.0002555076788739801,0.00020258699457645674,0.0001645502527376118,0.0001628964813533142,0.00014057056766529651,0.00012237908243802284
2016,Blank Vote,0.004312410158121706,0.002515572592237662,0.0014877042212158216,0.0012481258790979488,0.0009892267029383125,0.0007960183625206733,0.0007882900289039677,0.0006839575250784425,0.0005950816884863286
2016,Over Vote,0.004312410158121706,0.002523300925854367,0.0014877042212158216,0.0012481258790979488,0.0009892267029383125,0.0007960183625206733,0.0007882900289039677,0.0006839575250784425,0.0005950816884863286
2016,Vacek, Dan,0.0003633545708986268,0.0002105419008945314,0.00012326888713663694,0.00010459178302502529,8.319800922445193e-05,6.757715851292218e-05,6.621882366844134e-05,5.772923089043603e-05,4.991880553467116e-05
2016,Other,0.0005446361830297362,0.00031828738402746965,0.00018837416605707388,0.00015789452645632718,0.00012491655574076516,0.00010143224326150132,0.00010143224326150132,8.594259034964643e-05,7.644893211334828e-05
2016,None Of The Above,0.0009578944094687596,0.0005553654971409784,0.00032611061992118254,0.0002754612865819253,0.00021948044447011466,0.0001777169590851131,0.00017593978949426197,0.0001519480000177717,0.00013239913451840925
2016,Moorehead, Monica,0.0003739730860339701,0.00021840297028039582,0.00012936175931992674,0.00010852947600087361,8.568116526384759e-05,6.921694135040237e-05,6.854493221107807e-05,5.947280883020009e-05,5.17447037279707e-05
2016,Void Vote,0.0034324907088717402,0.0020189286260363782,0.0011888899637092119,0.0010016631977707534,0.0007894728630405002,0.0006428118963887077,0.0006365710041907591,0.0005491985134194785,0.00048054869924204363
2016,Skewes, Peter,0.000520678051209043,0.0003052742546814663,0.0001797409163077792,0.00015121061213194126,0.00011982727753851947,9.74785392674464e-05,9.65275291282518e-05,8.226237704033281e-05,7.275227564838683e-05
